circle 215 53 46 ffbb00 ffff00
circle 114 129 30 000000 00ddff

rectangle 10 257 125 19 000000 fcd5b5

rectangle 56 339 10 44 000000 fcd5b5
rectangle 79 339 10 44 000000 fcd5b5

triangle 71 231 17 343 124 343 000000 00ddff
circle 70 221 25 000000 fcd5b5

triangle 56 179 56 206 72 192 000000 ff0000
triangle 71 196 88 181 88 209 000000 ff0000

circle 62 214 3 000000 000000
circle 77 214 3 000000 000000

LineSegment 60 230 71 235 ff0000
LineSegment 71 235 80 230 ff0000

LineSegment 115 161 133 258 000000

draw girl.svg
